000035
000048
000049
000058
000061
000065
000099
000420
000422
000506
000534
000543
000555
000563
000567
000581
000600
000603
000612
000620
000628
000636
000672
000676
000680
000681
000682
000685
000686
000688
000690
000712
000727
000758
000762
000766
000778
000795
000801
000810
000811
000813
000829
000833
000837
000875
000880
000899
000901
000902
000917
000923
000927
000928
000935
000950
000962
000966
000969
000970
000973
000990
001267
001287
001301
001337
001339
001359
001896
002006
002011
002015
002017
002020
002023
002036
002046
002048
002051
002053
002063
002077
002081
002091
002100
002104
002121
002123
002125
002139
002145
002149
002151
002158
002163
002170
002171
002174
002176
002181
002182
002183
002192
002194
002212
002222
002226
002237
002245
002246
002249
002250
002251
002254
002258
002270
002276
002290
002292
002315
002317
002324
002326
002338
002345
002364
002368
002373
002378
002389
002396
002400
002405
002408
002416
002428
002456
002458
002468
002488
002497
002498
002506
002518
002531
002534
002536
002537
002539
002541
002544
002545
002549
002557
002588
002597
002611
002617
002635
002636
002639
002643
002654
002681
002698
002705
002706
002716
002745
002747
002755
002768
002779
002815
002832
002838
002840
002847
002859
002881
002891
002895
002896
002897
002906
002913
002922
002925
002928
002929
002947
002948
002960
002961
002965
002967
002979
002985
002987
002993
003010
300007
300008
300031
300034
300035
300045
300047
300049
300065
300077
300083
300088
300098
300101
300102
300113
300127
300130
300131
300133
300134
300153
300166
300170
300182
300184
300185
300199
300224
300229
300236
300244
300253
300257
300260
300276
300296
300303
300315
300319
300322
300323
300327
300337
300342
300348
300353
300357
300363
300376
300378
300398
300409
300415
300416
300428
300438
300443
300446
300455
300456
300457
300459
300468
300482
300493
300503
300568
300573
300576
300580
300593
300598
300601
300602
300607
300613
300618
300624
300634
300638
300641
300655
300657
300660
300672
300674
300680
300682
300684
300685
300687
300693
300723
300725
300726
300738
300747
300761
300762
300772
300773
300775
300776
300777
300779
300806
300809
300811
300814
300820
300821
300827
300850
300855
300861
300870
300872
300910
300913
300925
300969
300990
301000
301005
301015
301018
301029
301031
301050
301078
301095
301127
301155
301171
301196
301205
301216
301217
301219
301225
301238
301275
301291
301293
301297
301316
301345
301363
301389
301392
301396
301413
301421
301458
301487
301488
301489
301500
301510
301511
301522
301550
301565
301571
301592
301626
301631
301658
301662
301678
600056
600075
600094
600113
600114
600116
600120
600123
600129
600133
600151
600155
600158
600163
600179
600184
600185
600186
600201
600206
600210
600211
600216
600226
600246
600258
600259
600266
600267
600268
600273
600285
600301
600315
600320
600323
600328
600330
600331
600338
600345
600361
600366
600388
600389
600391
600395
600399
600403
600409
600416
600428
600446
600452
600456
600458
600459
600475
600478
600480
600490
600502
600507
600508
600509
600528
600529
600531
600550
600552
600556
600559
600572
600575
600577
600596
600618
600619
600621
600623
600629
600633
600635
600640
600641
600643
600645
600651
600654
600664
600667
600682
600686
600710
600717
600718
600726
600728
600739
600740
600744
600746
600750
600751
600869
600872
600877
600882
600888
600916
600929
600933
600956
600961
600963
600971
600986
600993
600996
601020
601069
601096
601101
601126
601137
601187
601208
601222
601311
601369
601375
601519
601595
601606
601609
601619
601636
601677
601678
601702
601777
601778
601858
601882
601890
601908
601918
601952
601963
601965
601969
601975
603005
603009
603025
603026
603027
603033
603039
603063
603072
603083
603093
603099
603100
603103
603108
603118
603124
603127
603132
603162
603166
603169
603171
603202
603218
603219
603220
603227
603236
603267
603279
603283
603297
603300
603301
603305
603306
603317
603319
603323
603327
603328
603337
603358
603360
603393
603456
603477
603496
603505
603508
603516
603530
603533
603556
603567
603583
603588
603599
603612
603613
603619
603638
603662
603663
603667
603678
603690
603693
603698
603713
603730
603733
603809
603826
603871
603876
603881
603883
603887
603888
603915
603919
603927
603929
603950
603992
603997
605011
605020
605090
605099
605111
605116
605118
605123
605196
605198
605296
605376
605555
605599
688001
688003
688005
688006
688016
688025
688029
688031
688032
688048
688050
688062
688063
688068
688083
688088
688091
688097
688102
688106
688107
688110
688116
688123
688127
688131
688139
688141
688146
688147
688150
688153
688158
688165
688167
688208
688252
688300
688306
688321
688326
688327
688332
688333
688351
688352
688353
688362
688368
688372
688380
688382
688388
688390
688392
688400
688403
688408
688409
688432
688433
688439
688443
688449
688484
688486
688502
688503
688515
688516
688519
688522
688523
688531
688536
688543
688545
688548
688549
688552
688559
688567
688584
688586
688591
688593
688596
688605
688612
688627
688630
688631
688639
688652
688658
688660
688668
688686
688690
688691
688698
688700
688717
688726
688766
688776
688779
688789
688798
688800
