000063
000547
000426
000021
000792
000572
000657
000725
000559
000858
000831
000630
000776
000158
000100
000651
000681
000807
000555
000564
000617
000568
000796
000625
000001
000620
000566
000034
000510
000833
000859
000066
000536
000811
000002
000425
000762
000603
000060
000688
000753
000783
000519
000887
000661
000686
000006
000636
000799
000422
000078
000723
000759
000155
000700
000157
000533
000039
000528
000797
000678
300100
000632
000768
000530
000417
000766
000685
000801
000886
000830
000009
000880
000596
000534
000538
000629
000786
000560
000701
000546
000825
000558
000543
000758
000728
000065
000505
000032
000628
000036
000875
000049
000567
000683
000821
000680
000823
000410
000816
